,Máximo Sharpe,Mínima Varianza,Mismos Pesos
0,0.09954056077007274,0.337013701071119,0.1111111111111111
1,0.41064910732031884,0.03188549809634041,0.1111111111111111
2,0.15186261992688155,0.16322717538579587,0.1111111111111111
3,0.0,0.15049462562998583,0.1111111111111111
4,0.0,0.08019495339534266,0.1111111111111111
5,7.492175825053737e-17,0.0,0.1111111111111111
6,8.339208772308038e-17,0.0791178754761846,0.1111111111111111
7,0.10924729272372131,0.15639081112738673,0.1111111111111111
8,0.22870041925900556,0.0016753598178449619,0.1111111111111111
